Color y nombre;Color;Producci—n;Art’culo;Art’culo hijo;Nombre;Nombre del cliente;TT Cantidad;TT Barras;Check40100012 - PES BEIGE RAL-1013 C-III (/24);40100012;GOF00285309;80081415;;MTS BARRA CUADR. ALU 40X40X3 RAL ESP 5,8M;CLAVERIE STORES;11,6;2;40100012 - PES BEIGE RAL-1013 C-III (/24);40100012;GOF00287230;80130432;;MTS J. PERFILES COFRE ARES BEIGE 6M;GAVIOTA SIMBAC, S.L. SUCURSAL EN PORTUGAL;6;1;40100012 - PES BEIGE RAL-1013 C-III (/24);40100012;GOF00279597;80130432;;MTS J. PERFILES COFRE ARES BEIGE 6M;2AF S.A.R.L.;24;4;40100012 - PES BEIGE RAL-1013 C-III (/24);40100012;GOF00285820;80130414;;MTS J. PERFILES COFRE ARES RAL ESP 4M;TOLDO COLOR, S.L.;8;2;40100012 - PES BEIGE RAL-1013 C-III (/24);40100012;GOF00279611;80131643;;MTS J. PERFILES COFRE DEIMOS BEIGE 5M;2AF S.A.R.L.;20;4;40100012 - PES BEIGE RAL-1013 C-III (/24);40100012;GOF00279612;80131644;;MTS J. PERFILES COFRE DEIMOS BEIGE 6M;2AF S.A.R.L.;24;4;40100012 - PES BEIGE RAL-1013 C-III (/24);40100012;GOF00279604;80131214;;MTS J. PERFILES CONCEPTBOX-350 BEIGE 7M;2AF S.A.R.L.;63;9;40100012 - PES BEIGE RAL-1013 C-III (/24);40100012;GOF00279245;80050477;;MTS PERFIL B.CARGA CONCEPT-350 BEIGE 7M;2AF S.A.R.L.;14;2;40100061 - PES GRIS RAL-7035Ê C-IIIÊ 178;40100061;GOF00287288;80050352;;MTS PERFIL BAMBU 1 RAL ESP 6M;MADUE„O JURADO, JOSE RAFAEL;6;1;40100336 - PES PLATA TEXTURADO;40100336;GOF00287242;80141972;;MTS ESTRUCTURA 120X80 CLIMA 120 PLATA 6M;VAZQUEZ DE LA MORENA, S.L.;6;1;40100336 - PES PLATA TEXTURADO;40100336;GOF00287151;80130406;;MTS J. PERFILES COFRE ARES PLATA 4M;GAVIOTA SIMBAC S.P.A;4;1;40100336 - PES PLATA TEXTURADO;40100336;GOF00287231;80131519;;MTS J. PERFILES COFRE C.KYMA PLATA 7M;GAVIOTA SIMBAC, S.L. SUCURSAL EN PORTUGAL;7;1;40100336 - PES PLATA TEXTURADO;40100336;GOF00279606;80131224;;MTS J. PERFILES CONCEPTBOX-350 PLATA 6M;2AF S.A.R.L.;24;4;40100336 - PES PLATA TEXTURADO;40100336;GOF00287233;80131579;;MTS PERFIL B.CARGA C.KYMA PLATA 7M;GAVIOTA SIMBAC, S.L. SUCURSAL EN PORTUGAL;7;1;40100336 - PES PLATA TEXTURADO;40100336;GOF00286361;80070138;;MTS PERFIL BRAZO STOR S1 RAL ESP 5,8M;LONFIL, S.L.;5,8;1;40100336 - PES PLATA TEXTURADO;40100336;GOF00287232;80131549;;MTS PERFIL LIRA C.KYMA PLATA 7M;GAVIOTA SIMBAC, S.L. SUCURSAL EN PORTUGAL;7;1;40100042 - PES MET. GRIS PLATA;40100042;GOF00286286;80140926;;MTS ESTRUCTURA 90X50 ZEN RAL ESP 5M;PERSAX, S.A. TOLDO;5;1;40100042 - PES MET. GRIS PLATA;40100042;GOF00286287;80140969;;MTS ESTRUCTURA P/REGL. 90X50 ZEN RAL ESP 4M;PERSAX, S.A. TOLDO;4;1;40100042 - PES MET. GRIS PLATA;40100042;GOF00286932;80130260;;MTS J. PERFILES COFRE DESERT RAL ESP 5M;PERGOLAS ECOCLIMA, S.L.;10;2;40100042 - PES MET. GRIS PLATA;40100042;GOF00286280;80110066;;MTS J. PERFILES COFRE EOS RAL ESP 4M;PERSAX, S.A. TOLDO;4;1;40100042 - PES MET. GRIS PLATA;40100042;GOF00286263;80050344;;MTS PERFIL BAMBU 1 RAL ESP 5M;ALMERIENSE DEL TOLDO, S.L.;5;1;40100042 - PES MET. GRIS PLATA;40100042;GOF00285693;80050353;;MTS PERFIL BAMBU 2 RAL ESP 4M;TOLDUM, S.L.;4;1;40100042 - PES MET. GRIS PLATA;40100042;GOF00287184;80050346;;MTS PERFIL BAMBU 2 RAL ESP 5M;I. T. V. TOLDOS, S.L.;5;1;40100042 - PES MET. GRIS PLATA;40100042;GOF00287023;80050346;;MTS PERFIL BAMBU 2 RAL ESP 5M;TOLDUM, S.L.;10;2;40100042 - PES MET. GRIS PLATA;40100042;GOF00287238;80050354;;MTS PERFIL BAMBU 2 RAL ESP 6M;ALMERIENSE DEL TOLDO, S.L.;6;1;40100042 - PES MET. GRIS PLATA;40100042;GOF00286425;80050345;;MTS PERFIL BAMBU 2 RAL ESP 7M;I. T. V. TOLDOS, S.L.;7;1;40100042 - PES MET. GRIS PLATA;40100042;GOF00286281;80110100;;MTS PERFIL BARRA CARGA EOS RAL ESP 4M;PERSAX, S.A. TOLDO;4;1;40100042 - PES MET. GRIS PLATA;40100042;GOF00286431;40070614;;PERFIL GUIA (EOS-3M) 2,96 MTS RAL ESP;;2;2;40100140 - PES GRIS INOX RX-7320-XW;40100140;GOF00285716;80130424;;MTS J. PERFILES COFRE ARES RAL ESP 5M;TOLDOS MARBEL, S.L.U.;5;1;40100140 - PES GRIS INOX RX-7320-XW;40100140;GOF00287181;80130260;;MTS J. PERFILES COFRE DESERT RAL ESP 5M;MU„OZ CARPENA, SEVERINA ANA;10;2;40100140 - PES GRIS INOX RX-7320-XW;40100140;GOF00287402;80130261;;MTS J. PERFILES COFRE DESERT RAL ESP 7M;PERSIANAS LUSER S.L.;7;1;40100140 - PES GRIS INOX RX-7320-XW;40100140;GOF00285333;80141634;;MTS J. PERFILES COFRE PARABOX RAL ESP 7M;BLANCO TORRES, ALFONSO;7;1;40100140 - PES GRIS INOX RX-7320-XW;40100140;GOF00285337;80140398;;MTS PALILLO DOBLE ESTANDAR RAL ESP 7M;BLANCO TORRES, ALFONSO;77;11;40100140 - PES GRIS INOX RX-7320-XW;40100140;GOF00287395;80050344;;MTS PERFIL BAMBU 1 RAL ESP 5M;PERSIANAS LUSER S.L.;5;1;40100140 - PES GRIS INOX RX-7320-XW;40100140;GOF00285332;80140406;;MTS PERFIL FALDON PARAVENTO RAL ESP 7M;BLANCO TORRES, ALFONSO;7;1;40100140 - PES GRIS INOX RX-7320-XW;40100140;GOF00285331;80141319;;MTS PERFIL GUIA PARAVENTO RAL ESP 5M;BLANCO TORRES, ALFONSO;10;2;40100140 - PES GRIS INOX RX-7320-XW;40100140;GOF00285343;80140672;;MTS TEJADILLO P/PALILLERIA RAL ESP 7M;BLANCO TORRES, ALFONSO;28;4;40100140 - PES GRIS INOX RX-7320-XW;40100140;GOF00285335;80140389;;MTS TUBO ESTRUC 80X40 RAL ESP 5M;BLANCO TORRES, ALFONSO;5;1;40100140 - PES GRIS INOX RX-7320-XW;40100140;GOF00285334;80140390;;MTS TUBO ESTRUC 80X40 RAL ESP 7M;BLANCO TORRES, ALFONSO;7;1;40100140 - PES GRIS INOX RX-7320-XW;40100140;GOF00285336;80140393;;MTS TUBO GUIA 80X40 RAL ESP 5M;BLANCO TORRES, ALFONSO;15;3;40100011 - PES ANODIZADO BRONCE C-I (51);40100011;GOF00285366;80130887;;MTS J. PERFILES COFRE IRIS RAL ESP 4M;MASGAR, S.A.;4;1;40100011 - PES ANODIZADO BRONCE C-I (51);40100011;GOF00287385;80131157;;MTS J.PERFILES SPIRAL SMART RAL ESP 5,8M;BLANCO TORRES, ALFONSO;5,8;1;40100011 - PES ANODIZADO BRONCE C-I (51);40100011;GOF00286318;80140397;;MTS PALILLO DOBLE ESTANDAR RAL ESP 5M;GARCIA PEREZ, ANGEL;5;1;40100011 - PES ANODIZADO BRONCE C-I (51);40100011;GOF00286317;80140395;;MTS PALILLO SIMPLE ESTANDAR RAL ESP 5M;GARCIA PEREZ, ANGEL;15;3;40100011 - PES ANODIZADO BRONCE C-I (51);40100011;GOF00287386;80050344;;MTS PERFIL BAMBU 1 RAL ESP 5M;BLANCO TORRES, ALFONSO;5;1;40100149 - PES GRIS GRAFITO MOTEADO RX-7131-IW;40100149;GOF00287302;80130414;;MTS J. PERFILES COFRE ARES RAL ESP 4M;GIMENEZ GANGA, S.L.U;4;1;40100149 - PES GRIS GRAFITO MOTEADO RX-7131-IW;40100149;GOF00287336;45032662;;PERFIL TRAS(PREMIUM-3.25) 1,6113 MTS RAL ESP;;2;2;40100308 - PES GRIS 2900 SABLE;40100308;GOF00286413;80131488;;MTS J. PERFILES C.ARKO RAL ESP 5M;PERSIANAS ROMA, S.L.;5;1;40100308 - PES GRIS 2900 SABLE;40100308;GOF00286414;80131738;;MTS PERFIL BARRA CARGA C.ARKO RAL ESP 5M;PERSIANAS ROMA, S.L.;5;1;40100308 - PES GRIS 2900 SABLE;40100308;GOF00286534;45035874;;PERFIL DEL (ARKO-4.00) 1,769M RAL ESP;;1;1;40100308 - PES GRIS 2900 SABLE;40100308;GOF00286524;45035874;;PERFIL DEL (ARKO-4.00) 1,769M RAL ESP;;1;1;40100308 - PES GRIS 2900 SABLE;40100308;GOF00286535;45035909;;PERFIL TRAS (ARKO-4.00) 1,971M RAL ESP;;1;1;40100308 - PES GRIS 2900 SABLE;40100308;GOF00286525;45035909;;PERFIL TRAS (ARKO-4.00) 1,971M RAL ESP;;1;1;40100192 - BRONCE TEXTURADO;40100192;GOF00285972;80131207;;MTS J. PERFILES CONCEPTBOX-350 BRONCE 4M;COMERCIAL MECANOTOLDO S.L.U. (PALMA);4;1;40100192 - BRONCE TEXTURADO;40100192;GOF00279607;80131226;;MTS J. PERFILES CONCEPTBOX-350 BRONCE 6M;2AF S.A.R.L.;54;9;40100192 - BRONCE TEXTURADO;40100192;GOF00279243;80050466;;MTS PERFIL B.CARGA CONCEPT-350 BRONCE 5M;2AF S.A.R.L.;10;2;40100192 - BRONCE TEXTURADO;40100192;GOF00279244;80050467;;MTS PERFIL B.CARGA CONCEPT-350 BRONCE 6M;2AF S.A.R.L.;12;2;40100192 - BRONCE TEXTURADO;40100192;GOF00287346;80050351;;MTS PERFIL BAMBU 1 RAL ESP 4M;TOLDOS GRAS S.L.;4;1;40100192 - BRONCE TEXTURADO;40100192;GOF00286375;80110484;;MTS PERFIL BARRA CARGA HERA 6M  BRONCE;GAVIOTA SIMBAC S.P.A;12;2;40100192 - BRONCE TEXTURADO;40100192;GOF00287180;80140720;;MTS TUBO GUIA 80X40 RAL ESP 6M;TOLDOS VICSAN, S.L.;12;2;40100165 - PES GRIS RAL 7045 C-III;40100165;GOF00287340;80141348;;MTS PERFIL REF CURVO PARAVENTO RAL ESP 5M;COMERCIAL MECANOTOLDO, S.L.;5;1;40100029 - PES GRIS RAL-7011 C-III;40100029;GOF00286961;80130434;;MTS J. PERFILES COFRE ARES RAL ESP 6M;TOLDOS ROSA, S.L.;6;1;40100029 - PES GRIS RAL-7011 C-III;40100029;GOF00286399;80130434;;MTS J. PERFILES COFRE ARES RAL ESP 6M;TOLDOS CIBELES, S.L.;6;1;40100029 - PES GRIS RAL-7011 C-III;40100029;GOF00287301;80131141;;MTS J. PERFILES COFRE DESERT GRIS 7011 5,8M;COMERCIAL MECANOTOLDO S.L.U. (NORTE);5,8;1;40100029 - PES GRIS RAL-7011 C-III;40100029;GOF00286249;80100228;;MTS PERFIL CAPOTA T4 RAL ESP 5,8M;TOLDOS MARBEL, S.L.U.;23,2;4;40100029 - PES GRIS RAL-7011 C-III;40100029;GOF00286485;80130224;;MTS PERFIL RIEL ALU RAL ESP 6M;GARRIDO JIMENEZ, JOSE;12;2;40100006 - PES GRIS RAL 7022 C-IIIE 131;40100006;GOF00286345;80130434;;MTS J. PERFILES COFRE ARES RAL ESP 6M;GIMENEZ GANGA, S.L.U;18;3;40100006 - PES GRIS RAL 7022 C-IIIE 131;40100006;GOF00285787;80130887;;MTS J. PERFILES COFRE IRIS RAL ESP 4M;TIVANTI, S.L.;4;1;40100006 - PES GRIS RAL 7022 C-IIIE 131;40100006;GOF00285786;80130883;;MTS J. PERFILES COFRE IRIS RAL ESP 7M;TIVANTI, S.L.;7;1;40100006 - PES GRIS RAL 7022 C-IIIE 131;40100006;GOF00285406;80170254;;MTS J. PERFILES COFRE SC NIMBUS RAL ESP 7M;COMERCIAL MECANOTOLDO S.L.U. (NORTE);14;2;40100006 - PES GRIS RAL 7022 C-IIIE 131;40100006;GOF00286979;80140724;;MTS PALILLO SIMPLE ESTANDAR RAL ESP 6M;SANSA PROTECCION SOLAR, S.L.;24;4;40100006 - PES GRIS RAL 7022 C-IIIE 131;40100006;GOF00285407;80170226;;MTS PERFIL BARRA CARGA SC NIMBUS RAL ESP 7M;COMERCIAL MECANOTOLDO S.L.U. (NORTE);14;2;40100006 - PES GRIS RAL 7022 C-IIIE 131;40100006;GOF00286978;80140721;;MTS TUBO ESTRUC 80X40 RAL ESP 4M;SANSA PROTECCION SOLAR, S.L.;8;2;40100006 - PES GRIS RAL 7022 C-IIIE 131;40100006;GOF00286974;80140719;;MTS TUBO GUIA 80X40 RAL ESP 4M;SANSA PROTECCION SOLAR, S.L.;8;2;40100286 - PES GRIS RAL 7022 TEXTURADO;40100286;GOF00285411;80081319;;MTS TEJADILLO MONOBLOCK V2 RAL ESP 5M;GIMENEZ GANGA, S.L.U;5;1;40100056 - PES GRIS RAL-7016 C-III (/31);40100056;GOF00287172;80140927;;MTS ESTRUCTURA 90X50 ZEN RAL ESP 6M;TOLDUM, S.L.;12;2;40100056 - PES GRIS RAL-7016 C-III (/31);40100056;GOF00287173;80140928;;MTS ESTRUCTURA 90X50 ZEN RAL ESP 7M;TOLDUM, S.L.;7;1;40100056 - PES GRIS RAL-7016 C-III (/31);40100056;GOF00287174;80140970;;MTS ESTRUCTURA P/REGL. 90X50 ZEN RAL ESP 5M;TOLDUM, S.L.;10;2;40100056 - PES GRIS RAL-7016 C-III (/31);40100056;GOF00287175;80140950;;MTS GUIA 90X50 ZEN RAL ESP 7M;TOLDUM, S.L.;7;1;40100056 - PES GRIS RAL-7016 C-III (/31);40100056;GOF00286323;80130424;;MTS J. PERFILES COFRE ARES RAL ESP 5M;GEA RAMOS, JUAN;5;1;40100056 - PES GRIS RAL-7016 C-III (/31);40100056;GOF00279596;80130424;;MTS J. PERFILES COFRE ARES RAL ESP 5M;2AF S.A.R.L.;20;4;40100056 - PES GRIS RAL-7016 C-III (/31);40100056;GOF00285349;80130434;;MTS J. PERFILES COFRE ARES RAL ESP 6M;PERGOLAS ECOCLIMA, S.L.;6;1;40100056 - PES GRIS RAL-7016 C-III (/31);40100056;GOF00279598;80130434;;MTS J. PERFILES COFRE ARES RAL ESP 6M;2AF S.A.R.L.;24;4;40100056 - PES GRIS RAL-7016 C-III (/31);40100056;GOF00285348;80130444;;MTS J. PERFILES COFRE ARES RAL ESP 7M;PERGOLAS ECOCLIMA, S.L.;7;1;40100056 - PES GRIS RAL-7016 C-III (/31);40100056;GOF00279599;80130560;;MTS J. PERFILES COFRE DEIMOS RAL ESP 5M;2AF S.A.R.L.;20;4;40100056 - PES GRIS RAL-7016 C-III (/31);40100056;GOF00279600;80130848;;MTS J. PERFILES COFRE DEIMOS RAL ESP 6M;2AF S.A.R.L.;24;4;40100056 - PES GRIS RAL-7016 C-III (/31);40100056;GOF00287161;80131144;;MTS J. PERFILES COFRE DESERT RAL ESP 5,8M;CONFORTOLDO, S.L.;5,8;1;40100056 - PES GRIS RAL-7016 C-III (/31);40100056;GOF00287162;80130260;;MTS J. PERFILES COFRE DESERT RAL ESP 5M;CONFORTOLDO, S.L.;5;1;40100056 - PES GRIS RAL-7016 C-III (/31);40100056;GOF00285777;80130261;;MTS J. PERFILES COFRE DESERT RAL ESP 7M;CONFORTOLDO, S.L.;7;1;40100056 - PES GRIS RAL-7016 C-III (/31);40100056;GOF00285956;80110066;;MTS J. PERFILES COFRE EOS RAL ESP 4M;TOLSEPRO, S.L.;4;1;40100056 - PES GRIS RAL-7016 C-III (/31);40100056;GOF00287168;80110007;;MTS J. PERFILES COFRE EOS RAL ESP 5M;TOLDUM, S.L.;5;1;40100056 - PES GRIS RAL-7016 C-III (/31);40100056;GOF00285957;80110007;;MTS J. PERFILES COFRE EOS RAL ESP 5M;TOLSEPRO, S.L.;5;1;40100056 - PES GRIS RAL-7016 C-III (/31);40100056;GOF00279602;80130875;;MTS J. PERFILES COFRE IRIS RAL ESP 5M;2AF S.A.R.L.;10;2;40100056 - PES GRIS RAL-7016 C-III (/31);40100056;GOF00279603;80130883;;MTS J. PERFILES COFRE IRIS RAL ESP 7M;2AF S.A.R.L.;14;2;40100056 - PES GRIS RAL-7016 C-III (/31);40100056;GOF00279608;80131233;;MTS J. PERFILES CONCEPTBOX-350 RAL ESP 5M;2AF S.A.R.L.;45;9;40100056 - PES GRIS RAL-7016 C-III (/31);40100056;GOF00279609;80131234;;MTS J. PERFILES CONCEPTBOX-350 RAL ESP 6M;2AF S.A.R.L.;54;9;40100056 - PES GRIS RAL-7016 C-III (/31);40100056;GOF00279605;80131216;;MTS J. PERFILES CONCEPTBOX-350 RAL ESP 7M;2AF S.A.R.L.;14;2;40100056 - PES GRIS RAL-7016 C-III (/31);40100056;GOF00287391;80131452;;MTS J.PERFILES SPIRAL PREMIUM RAL ESP 5M;BLANCO TORRES, ALFONSO;5;1;40100056 - PES GRIS RAL-7016 C-III (/31);40100056;GOF00285316;80140398;;MTS PALILLO DOBLE ESTANDAR RAL ESP 7M;TOLDOS Y CERRAJERIA DEL OLMO,S.L.;56;8;40100056 - PES GRIS RAL-7016 C-III (/31);40100056;GOF00279246;80050478;;MTS PERFIL B.CARGA CONCEPT-350 RAL ESP 5M;2AF S.A.R.L.;20;4;40100056 - PES GRIS RAL-7016 C-III (/31);40100056;GOF00279249;80050479;;MTS PERFIL B.CARGA CONCEPT-350 RAL ESP 6M;2AF S.A.R.L.;12;2;40100056 - PES GRIS RAL-7016 C-III (/31);40100056;GOF00286315;80050343;;MTS PERFIL BAMBU 1 RAL ESP 7M;DEL CASTILLO CRUZ, FRANCISCA;7;1;40100056 - PES GRIS RAL-7016 C-III (/31);40100056;GOF00285317;80050343;;MTS PERFIL BAMBU 1 RAL ESP 7M;TOLDOS Y CERRAJERIA DEL OLMO,S.L.;7;1;40100056 - PES GRIS RAL-7016 C-III (/31);40100056;GOF00287392;80050353;;MTS PERFIL BAMBU 2 RAL ESP 4M;BLANCO TORRES, ALFONSO;4;1;40100056 - PES GRIS RAL-7016 C-III (/31);40100056;GOF00279240;80050346;;MTS PERFIL BAMBU 2 RAL ESP 5M;2AF S.A.R.L.;30;6;40100056 - PES GRIS RAL-7016 C-III (/31);40100056;GOF00279241;80050354;;MTS PERFIL BAMBU 2 RAL ESP 6M;2AF S.A.R.L.;30;5;40100056 - PES GRIS RAL-7016 C-III (/31);40100056;GOF00285958;80110100;;MTS PERFIL BARRA CARGA EOS RAL ESP 4M;TOLSEPRO, S.L.;4;1;40100056 - PES GRIS RAL-7016 C-III (/31);40100056;GOF00287169;80110090;;MTS PERFIL BARRA CARGA EOS RAL ESP 5M;TOLDUM, S.L.;5;1;40100056 - PES GRIS RAL-7016 C-III (/31);40100056;GOF00285959;80110090;;MTS PERFIL BARRA CARGA EOS RAL ESP 5M;TOLSEPRO, S.L.;5;1;40100056 - PES GRIS RAL-7016 C-III (/31);40100056;GOF00285756;80140406;;MTS PERFIL FALDON PARAVENTO RAL ESP 7M;GAVIOTA SIMBAC, S.L. SUCURSAL EN PORTUGAL;14;2;40100056 - PES GRIS RAL-7016 C-III (/31);40100056;GOF00285757;80141319;;MTS PERFIL GUIA PARAVENTO RAL ESP 5M;GAVIOTA SIMBAC, S.L. SUCURSAL EN PORTUGAL;10;2;40100056 - PES GRIS RAL-7016 C-III (/31);40100056;GOF00285323;80140729;;MTS TEJADILLO P/PALILLERIA RAL ESP 4M;TOLDOS Y CERRAJERIA DEL OLMO,S.L.;16;4;40100056 - PES GRIS RAL-7016 C-III (/31);40100056;GOF00286967;80140671;;MTS TEJADILLO P/PALILLERIA RAL ESP 5M;COMERCIAL MECANOTOLDO, S.L.;20;4;40100056 - PES GRIS RAL-7016 C-III (/31);40100056;GOF00285312;80140721;;MTS TUBO ESTRUC 80X40 RAL ESP 4M;TOLDOS Y CERRAJERIA DEL OLMO,S.L.;4;1;40100056 - PES GRIS RAL-7016 C-III (/31);40100056;GOF00286473;80140722;;MTS TUBO ESTRUC 80X40 RAL ESP 6M;GAVIOTA SIMBAC, S.L. SUCURSAL EN PORTUGAL;6;1;40100056 - PES GRIS RAL-7016 C-III (/31);40100056;GOF00285313;80140390;;MTS TUBO ESTRUC 80X40 RAL ESP 7M;TOLDOS Y CERRAJERIA DEL OLMO,S.L.;21;3;40100056 - PES GRIS RAL-7016 C-III (/31);40100056;GOF00285314;80140719;;MTS TUBO GUIA 80X40 RAL ESP 4M;TOLDOS Y CERRAJERIA DEL OLMO,S.L.;4;1;40100056 - PES GRIS RAL-7016 C-III (/31);40100056;GOF00285315;80140394;;MTS TUBO GUIA 80X40 RAL ESP 7M;TOLDOS Y CERRAJERIA DEL OLMO,S.L.;7;1;40100056 - PES GRIS RAL-7016 C-III (/31);40100056;GOF00286049;40070708;;PERFIL GUIA (EOS-2.5M) 2,46 MTS RAL ESP;;2;2;40100056 - PES GRIS RAL-7016 C-III (/31);40100056;GOF00287220;40070621;;PERFIL GUIA (EOS-4M) 3,96 MTS RAL ESP;;2;2;40100056 - PES GRIS RAL-7016 C-III (/31);40100056;GOF00286044;40070628;;PERFIL GUIA (EOS-5M) 4,96 MTS RAL ESP;;2;2;40100056 - PES GRIS RAL-7016 C-III (/31);40100056;GOF00286834;45032682;;PERFIL TRAS(PREMIUM-3.5) 1,7371 MTS RAL ESP;;10;10;40100162 - PES GRIS RAL 7021 C-III;40100162;GOF00286312;80130887;;MTS J. PERFILES COFRE IRIS RAL ESP 4M;VLAD DANIEL NENCIU;4;1;40100162 - PES GRIS RAL 7021 C-III;40100162;GOF00286311;80130875;;MTS J. PERFILES COFRE IRIS RAL ESP 5M;VLAD DANIEL NENCIU;5;1;40100185 - PES GRIS RAL 7023 C-III;40100185;GOF00286924;80130424;;MTS J. PERFILES COFRE ARES RAL ESP 5M;PERGOLAS ECOCLIMA, S.L.;5;1;40100040 - PES GRIS RAL 7039 C-III;40100040;GOF00286418;80131488;;MTS J. PERFILES C.ARKO RAL ESP 5M;PERSIANAS ROMA, S.L.;5;1;40100040 - PES GRIS RAL 7039 C-III;40100040;GOF00286419;80131738;;MTS PERFIL BARRA CARGA C.ARKO RAL ESP 5M;PERSIANAS ROMA, S.L.;5;1;40100040 - PES GRIS RAL 7039 C-III;40100040;GOF00286514;45035874;;PERFIL DEL (ARKO-4.00) 1,769M RAL ESP;;1;1;40100040 - PES GRIS RAL 7039 C-III;40100040;GOF00286504;45035874;;PERFIL DEL (ARKO-4.00) 1,769M RAL ESP;;1;1;40100040 - PES GRIS RAL 7039 C-III;40100040;GOF00286515;45035909;;PERFIL TRAS (ARKO-4.00) 1,971M RAL ESP;;1;1;40100040 - PES GRIS RAL 7039 C-III;40100040;GOF00286505;45035909;;PERFIL TRAS (ARKO-4.00) 1,971M RAL ESP;;1;1;40100141 - PES GRIS RAL 7006 C-III;40100141;GOF00286933;80050344;;MTS PERFIL BAMBU 1 RAL ESP 5M;PERGOLAS ECOCLIMA, S.L.;5;1;40100145 - PES AZUL RAL 5005 C-III;40100145;GOF00286265;80130260;;MTS J. PERFILES COFRE DESERT RAL ESP 5M;TOLDOS MARBEL, S.L.U.;5;1;40100013 - PES ROJO RAL-3005 C-III;40100013;GOF00286947;80050480;;MTS PERFIL B.CARGA CONCEPT-350 RAL ESP 7M;COMERCIAL MECANOTOLDO S.L.U. (NORTE);21;3;40100013 - PES ROJO RAL-3005 C-III;40100013;GOF00286962;80050343;;MTS PERFIL BAMBU 1 RAL ESP 7M;TOLDOS CANTERO, C.B.;7;1;40100013 - PES ROJO RAL-3005 C-III;40100013;GOF00286341;80140405;;MTS PERFIL FALDON PARAVENTO RAL ESP 5M;ALMERIENSE DEL TOLDO, S.L.;15;3;40100013 - PES ROJO RAL-3005 C-III;40100013;GOF00286340;80141320;;MTS PERFIL GUIA PARAVENTO RAL ESP 7M;ALMERIENSE DEL TOLDO, S.L.;7;1;40100014 - PES VERDE RAL-6005 C-III;40100014;GOF00286945;80050352;;MTS PERFIL BAMBU 1 RAL ESP 6M;TOLDOS MARBEL, S.L.U.;6;1;40100089 - PES MARRON RAL- 8001 C-III;40100089;GOF00287139;80050344;;MTS PERFIL BAMBU 1 RAL ESP 5M;PERGOLAS ECOCLIMA, S.L.;5;1;40100022 - PES MARRON RAL-8014 C-III;40100022;GOF00286309;80081614;;MTS BARRA MONOBLOCK 40X40X2 8014 7M;DEL CASTILLO CRUZ, FRANCISCA;14;2;40100022 - PES MARRON RAL-8014 C-III;40100022;GOF00287007;80141629;;MTS J. PERFILES COFRE PARABOX 8014 5M;????SABATE CASANOVA, S.C.P.????;5;1;40100022 - PES MARRON RAL-8014 C-III;40100022;GOF00286358;80141629;;MTS J. PERFILES COFRE PARABOX 8014 5M;TOLDOS GALOCHA, S.L.;10;2;40100022 - PES MARRON RAL-8014 C-III;40100022;GOF00286359;80141630;;MTS J. PERFILES COFRE PARABOX 8014 7M;TOLDOS GALOCHA, S.L.;14;2;40100022 - PES MARRON RAL-8014 C-III;40100022;GOF00286310;80050354;;MTS PERFIL BAMBU 2 RAL ESP 6M;DEL CASTILLO CRUZ, FRANCISCA;6;1;40100092 - PES MARRON RAL- 8016 C-III;40100092;GOF00285954;80210067;;MTS PERFIL LATERAL L NUDA RAL ESP 5M;IMPOLUTO DOMO SLU;5;1;40100092 - PES MARRON RAL- 8016 C-III;40100092;GOF00285955;80210073;;MTS PERFIL LATERAL U NUDA RAL ESP 5M;IMPOLUTO DOMO SLU;5;1;40100050 - PES MARRON RAL- 8019 C-III;40100050;GOF00285410;80130424;;MTS J. PERFILES COFRE ARES RAL ESP 5M;TENDALS INDUSTRIALS DEL VALLES, S.L.;5;1;40100050 - PES MARRON RAL- 8019 C-III;40100050;GOF00286214;80130434;;MTS J. PERFILES COFRE ARES RAL ESP 6M;LONPER PERFILES Y LONAS, S.L.;6;1;40100050 - PES MARRON RAL- 8019 C-III;40100050;GOF00285415;80130444;;MTS J. PERFILES COFRE ARES RAL ESP 7M;TENDALS INDUSTRIALS DEL VALLES, S.L.;7;1;40100050 - PES MARRON RAL- 8019 C-III;40100050;GOF00286273;80130260;;MTS J. PERFILES COFRE DESERT RAL ESP 5M;INTERTOLDO, S.A.;5;1;40100050 - PES MARRON RAL- 8019 C-III;40100050;GOF00286222;80131215;;MTS J. PERFILES CONCEPTBOX-350 RAL ESP 4M;COMERCIAL MECANOTOLDO S.L.U. (NORTE);4;1;40100050 - PES MARRON RAL- 8019 C-III;40100050;GOF00286223;80131234;;MTS J. PERFILES CONCEPTBOX-350 RAL ESP 6M;COMERCIAL MECANOTOLDO S.L.U. (NORTE);6;1;40100050 - PES MARRON RAL- 8019 C-III;40100050;GOF00286601;45035215;;PERFIL TRAS (CONC-350-3.50) 1,7371M RAL ESP;;4;4;40100337 - PES NEGRO TEXTURADO;40100337;GOF00286302;80132016;;MTS J. PERFILES COFRE ALAND NEGRO 5M;SOLPLAY, S.L.;5;1;40100337 - PES NEGRO TEXTURADO;40100337;GOF00285706;80131515;;MTS J. PERFILES COFRE C.KYMA NEGRO 6M;LONPER PERFILES Y LONAS, S.L.;12;2;40100337 - PES NEGRO TEXTURADO;40100337;GOF00285701;80140622;;MTS PALILLO DOBLE COG.DOBLE RAL ESP 5M;LONPER PERFILES Y LONAS, S.L.;45;9;40100337 - PES NEGRO TEXTURADO;40100337;GOF00286922;80140726;;MTS PALILLO DOBLE ESTANDAR RAL ESP 6M;TOLDAY SISTEMAS Y PROTECCION SOLAR , S.L.;48;8;40100337 - PES NEGRO TEXTURADO;40100337;GOF00286332;80170497;;MTS PERF GUIA POST SC UNIV ZIP 130 RAL ESP 5M;ARTISAN WINDOW FASHIONS LLC;160;32;40100337 - PES NEGRO TEXTURADO;40100337;GOF00285708;80131575;;MTS PERFIL B.CARGA C.KYMA NEGRO 6M;LONPER PERFILES Y LONAS, S.L.;12;2;40100337 - PES NEGRO TEXTURADO;40100337;GOF00286328;80170544;;MTS PERFIL GUIA ANT. SCREEN RITS RAL ESP 5M;ARTISAN WINDOW FASHIONS LLC;180;36;40100337 - PES NEGRO TEXTURADO;40100337;GOF00285707;80131545;;MTS PERFIL LIRA C.KYMA NEGRO 6M;LONPER PERFILES Y LONAS, S.L.;12;2;40100337 - PES NEGRO TEXTURADO;40100337;GOF00286305;80132052;;MTS PERFIL TEJADILLO COFRE ALAND NEGRO 5M;SOLPLAY, S.L.;5;1;40100337 - PES NEGRO TEXTURADO;40100337;GOF00286920;80140722;;MTS TUBO ESTRUC 80X40 RAL ESP 6M;TOLDAY SISTEMAS Y PROTECCION SOLAR , S.L.;18;3;40100337 - PES NEGRO TEXTURADO;40100337;GOF00285798;80140449;;MTS TUBO GUIA 80X40 P/REGLETA NEGRO 7M;TOLDOS MARBEL, S.L.U.;7;1;40100337 - PES NEGRO TEXTURADO;40100337;GOF00286921;80140720;;MTS TUBO GUIA 80X40 RAL ESP 6M;TOLDAY SISTEMAS Y PROTECCION SOLAR , S.L.;6;1;40100337 - PES NEGRO TEXTURADO;40100337;GOF00286034;45035868;;PERFIL DEL (ARKO-4.00) 1,769M NEGRO;;1;1;40100337 - PES NEGRO TEXTURADO;40100337;GOF00286024;45035868;;PERFIL DEL (ARKO-4.00) 1,769M NEGRO;;1;1;40100337 - PES NEGRO TEXTURADO;40100337;GOF00286035;45035903;;PERFIL TRAS (ARKO-4.00) 1,971M NEGRO;;1;1;40100337 - PES NEGRO TEXTURADO;40100337;GOF00286025;45035903;;PERFIL TRAS (ARKO-4.00) 1,971M NEGRO;;1;1;40100234 - PES GRIS TEXTUR. (VRN) RDHM;40100234;GOF00285304;80081620;;MTS BARRA MONOBLOCK 40X40X2 RAL ESP 7M;LONPER PERFILES Y LONAS, S.L.;7;1;40100234 - PES GRIS TEXTUR. (VRN) RDHM;40100234;GOF00285295;80081620;;MTS BARRA MONOBLOCK 40X40X2 RAL ESP 7M;LONPER PERFILES Y LONAS, S.L.;7;1;40100234 - PES GRIS TEXTUR. (VRN) RDHM;40100234;GOF00287342;80170491;;MTS J. PERF. COFRE SC UNIV ZIP 130 RAL ESP 5M;COMERCIAL MECANOTOLDO, S.L.;50;10;40100234 - PES GRIS TEXTUR. (VRN) RDHM;40100234;GOF00285297;80131916;;MTS J. PERFILES C.ARKO 7016 TXT 6M;LONPER PERFILES Y LONAS, S.L.;6;1;40100234 - PES GRIS TEXTUR. (VRN) RDHM;40100234;GOF00285810;80131687;;MTS J. PERFILES COFRE ARES 7016 TXT 4M;GAVIOTA SIMBAC S.P.A;12;3;40100234 - PES GRIS TEXTUR. (VRN) RDHM;40100234;GOF00286424;80131689;;MTS J. PERFILES COFRE ARES 7016 TXT 6M;ALMERIENSE DEL TOLDO, S.L.;54;9;40100234 - PES GRIS TEXTUR. (VRN) RDHM;40100234;GOF00286971;80131534;;MTS J. PERFILES COFRE C.KYMA 7016 TXT 7M;TOLDUM, S.L.;7;1;40100234 - PES GRIS TEXTUR. (VRN) RDHM;40100234;GOF00285310;80131534;;MTS J. PERFILES COFRE C.KYMA 7016 TXT 7M;CLAVERIE STORES;7;1;40100234 - PES GRIS TEXTUR. (VRN) RDHM;40100234;GOF00286952;80170254;;MTS J. PERFILES COFRE SC NIMBUS RAL ESP 7M;COMERCIAL MECANOTOLDO, S.L.;7;1;40100234 - PES GRIS TEXTUR. (VRN) RDHM;40100234;GOF00285359;80140397;;MTS PALILLO DOBLE ESTANDAR RAL ESP 5M;TORRES MONIO, DIEGO;80;16;40100234 - PES GRIS TEXTUR. (VRN) RDHM;40100234;GOF00287311;80140398;;MTS PALILLO DOBLE ESTANDAR RAL ESP 7M;LONPER PERFILES Y LONAS, S.L.;56;8;40100234 - PES GRIS TEXTUR. (VRN) RDHM;40100234;GOF00286970;80140396;;MTS PALILLO SIMPLE ESTANDAR RAL ESP 7M;TOLDUM, S.L.;7;1;40100234 - PES GRIS TEXTUR. (VRN) RDHM;40100234;GOF00285697;80140396;;MTS PALILLO SIMPLE ESTANDAR RAL ESP 7M;JOVISOL PROTECCIO SOLAR S.L.;14;2;40100234 - PES GRIS TEXTUR. (VRN) RDHM;40100234;GOF00287345;80170497;;MTS PERF GUIA POST SC UNIV ZIP 130 RAL ESP 5M;COMERCIAL MECANOTOLDO, S.L.;70;14;40100234 - PES GRIS TEXTUR. (VRN) RDHM;40100234;GOF00279247;80050478;;MTS PERFIL B.CARGA CONCEPT-350 RAL ESP 5M;2AF S.A.R.L.;10;2;40100234 - PES GRIS TEXTUR. (VRN) RDHM;40100234;GOF00279248;80050479;;MTS PERFIL B.CARGA CONCEPT-350 RAL ESP 6M;2AF S.A.R.L.;24;4;40100234 - PES GRIS TEXTUR. (VRN) RDHM;40100234;GOF00279250;80050480;;MTS PERFIL B.CARGA CONCEPT-350 RAL ESP 7M;2AF S.A.R.L.;28;4;40100234 - PES GRIS TEXTUR. (VRN) RDHM;40100234;GOF00287343;80170503;;MTS PERFIL B.CARGA SC UNIV ZIP 130 RAL ESP 5M;COMERCIAL MECANOTOLDO, S.L.;50;10;40100234 - PES GRIS TEXTUR. (VRN) RDHM;40100234;GOF00285703;80050564;;MTS PERFIL BAMBU 1 7016 TXT 7M;LONPER PERFILES Y LONAS, S.L.;7;1;40100234 - PES GRIS TEXTUR. (VRN) RDHM;40100234;GOF00285815;80050352;;MTS PERFIL BAMBU 1 RAL ESP 6M;IRISARRI BAIGORRI, CESAR;6;1;40100234 - PES GRIS TEXTUR. (VRN) RDHM;40100234;GOF00287354;80050574;;MTS PERFIL BAMBU 2 7016 TXT 7M;ALMERIENSE DEL TOLDO, S.L.;14;2;40100234 - PES GRIS TEXTUR. (VRN) RDHM;40100234;GOF00285303;80050574;;MTS PERFIL BAMBU 2 7016 TXT 7M;LONPER PERFILES Y LONAS, S.L.;7;1;40100234 - PES GRIS TEXTUR. (VRN) RDHM;40100234;GOF00285294;80050574;;MTS PERFIL BAMBU 2 7016 TXT 7M;LONPER PERFILES Y LONAS, S.L.;7;1;40100234 - PES GRIS TEXTUR. (VRN) RDHM;40100234;GOF00285816;80050354;;MTS PERFIL BAMBU 2 RAL ESP 6M;IRISARRI BAIGORRI, CESAR;6;1;40100234 - PES GRIS TEXTUR. (VRN) RDHM;40100234;GOF00285298;80131925;;MTS PERFIL BARRA CARGA C.ARKO 7016 TXT 6M;LONPER PERFILES Y LONAS, S.L.;6;1;40100234 - PES GRIS TEXTUR. (VRN) RDHM;40100234;GOF00286953;80170226;;MTS PERFIL BARRA CARGA SC NIMBUS RAL ESP 7M;COMERCIAL MECANOTOLDO, S.L.;7;1;40100234 - PES GRIS TEXTUR. (VRN) RDHM;40100234;GOF00287344;80170049;;MTS PERFIL GUIA ANT. SCREEN RITS RAL ESP 7M;COMERCIAL MECANOTOLDO, S.L.;70;10;40100234 - PES GRIS TEXTUR. (VRN) RDHM;40100234;GOF00286972;80131564;;MTS PERFIL LIRA C.KYMA 7016 TXT 7M;TOLDUM, S.L.;7;1;40100234 - PES GRIS TEXTUR. (VRN) RDHM;40100234;GOF00285311;80131564;;MTS PERFIL LIRA C.KYMA 7016 TXT 7M;CLAVERIE STORES;7;1;40100234 - PES GRIS TEXTUR. (VRN) RDHM;40100234;GOF00286351;80140672;;MTS TEJADILLO P/PALILLERIA RAL ESP 7M;COMERCIAL MECANOTOLDO, S.L.;14;2;40100234 - PES GRIS TEXTUR. (VRN) RDHM;40100234;GOF00286968;80140389;;MTS TUBO ESTRUC 80X40 RAL ESP 5M;TOLDUM, S.L.;5;1;40100234 - PES GRIS TEXTUR. (VRN) RDHM;40100234;GOF00287314;80140390;;MTS TUBO ESTRUC 80X40 RAL ESP 7M;LONPER PERFILES Y LONAS, S.L.;7;1;40100234 - PES GRIS TEXTUR. (VRN) RDHM;40100234;GOF00287313;80140621;;MTS TUBO GUIA 80X40 P/REGLETA RAL ESP 7M;LONPER PERFILES Y LONAS, S.L.;7;1;40100234 - PES GRIS TEXTUR. (VRN) RDHM;40100234;GOF00287312;80140393;;MTS TUBO GUIA 80X40 RAL ESP 5M;LONPER PERFILES Y LONAS, S.L.;10;2;40100234 - PES GRIS TEXTUR. (VRN) RDHM;40100234;GOF00286969;80140393;;MTS TUBO GUIA 80X40 RAL ESP 5M;TOLDUM, S.L.;5;1;40100234 - PES GRIS TEXTUR. (VRN) RDHM;40100234;GOF00285636;45037633;;PERFIL DEL (ARKO-4.00) 1,769M 7016 TXT;;1;1;40100234 - PES GRIS TEXTUR. (VRN) RDHM;40100234;GOF00285626;45037633;;PERFIL DEL (ARKO-4.00) 1,769M 7016 TXT;;1;1;40100234 - PES GRIS TEXTUR. (VRN) RDHM;40100234;GOF00285637;45037648;;PERFIL TRAS (ARKO-4.00) 1,971M 7016 TXT;;1;1;40100234 - PES GRIS TEXTUR. (VRN) RDHM;40100234;GOF00285627;45037648;;PERFIL TRAS (ARKO-4.00) 1,971M 7016 TXT;;1;1;40100371 - PES NEGRO RAL 9004 MATE C-I;40100371;GOF00285791;80142211;;MTS PERFIL CANALON LED CLIMATIKA 4M RAL ESP;VEGGAR ACRISTALAMIENTOS, S.L.;8;2;40100371 - PES NEGRO RAL 9004 MATE C-I;40100371;GOF00285792;80142213;;MTS PERFIL CANALON LED CLIMATIKA 6M RAL ESP;VEGGAR ACRISTALAMIENTOS, S.L.;12;2;40100371 - PES NEGRO RAL 9004 MATE C-I;40100371;GOF00285794;80142249;;MTS PERFIL POSTE SIMPLE CLIMATIKA 6M RAL ESP;VEGGAR ACRISTALAMIENTOS, S.L.;6;1;40100371 - PES NEGRO RAL 9004 MATE C-I;40100371;GOF00285793;80142237;;MTS PERFIL SPTE LAMA CLIMATIKA 6M RAL ESP;VEGGAR ACRISTALAMIENTOS, S.L.;12;2;40100371 - PES NEGRO RAL 9004 MATE C-I;40100371;GOF00285789;80142241;;MTS PERFIL VIGA CLIMATIKA 4M RAL ESP;VEGGAR ACRISTALAMIENTOS, S.L.;8;2;40100371 - PES NEGRO RAL 9004 MATE C-I;40100371;GOF00285790;80142243;;MTS PERFIL VIGA CLIMATIKA 6M RAL ESP;VEGGAR ACRISTALAMIENTOS, S.L.;12;2;40100099 - PES NEGRO MATE 9005 C-I;40100099;GOF00286336;80050352;;MTS PERFIL BAMBU 1 RAL ESP 6M;ALCANTARA DOMINGUEZ, IVAN;6;1;40100007 - PES NEGRO C-IIE 9-S;40100007;GOF00286298;80131121;;MTS J. PERFILES COFRE ARES RAL ESP 5,8M;GAVIOTA SIMBAC, S.L. SUCURSAL EN PORTUGAL;5,8;1;40100007 - PES NEGRO C-IIE 9-S;40100007;GOF00286941;80130883;;MTS J. PERFILES COFRE IRIS RAL ESP 7M;SISTEMAS SOLARIS MURCIA, S.L.;7;1;40100007 - PES NEGRO C-IIE 9-S;40100007;GOF00287012;80170157;;MTS J. PERFILES COFRE SC UNIV 100 RAL ESP 6M;TOLDOS TACORONTE, S.L.;6;1;40100007 - PES NEGRO C-IIE 9-S;40100007;GOF00286472;80140398;;MTS PALILLO DOBLE ESTANDAR RAL ESP 7M;SISTEMAS SOLARIS MURCIA, S.L.;14;2;40100007 - PES NEGRO C-IIE 9-S;40100007;GOF00287015;80170161;;MTS PERFIL BARRA CARGA SC UNIV RAL ESP 6M;TOLDOS TACORONTE, S.L.;6;1;40100007 - PES NEGRO C-IIE 9-S;40100007;GOF00287014;80170165;;MTS PERFIL GUIA SC UNIV RAL ESP 6M;TOLDOS TACORONTE, S.L.;12;2;40100007 - PES NEGRO C-IIE 9-S;40100007;GOF00285936;80210320;;MTS PERFIL M. INF 5 HOJAS TOMEI RAL ESP 4M;MULTISERVICIOS CIUDAD DEL SOL, S.L.U.;12;3;40100007 - PES NEGRO C-IIE 9-S;40100007;GOF00286471;80140672;;MTS TEJADILLO P/PALILLERIA RAL ESP 7M;SISTEMAS SOLARIS MURCIA, S.L.;7;1;40100007 - PES NEGRO C-IIE 9-S;40100007;GOF00286469;80140390;;MTS TUBO ESTRUC 80X40 RAL ESP 7M;SISTEMAS SOLARIS MURCIA, S.L.;7;1;40100007 - PES NEGRO C-IIE 9-S;40100007;GOF00286468;80140394;;MTS TUBO GUIA 80X40 RAL ESP 7M;SISTEMAS SOLARIS MURCIA, S.L.;7;1;40100016 - PES BLANCO TR NIEVE HLLD C-III;40100016;GOF00287458;80142216;;MTS LAMA FIJA CLIMATIKA 4M BLANCO;VEGGAR ACRISTALAMIENTOS, S.L.;4;1;40100016 - PES BLANCO TR NIEVE HLLD C-III;40100016;GOF00287456;80142222;;MTS LAMA GIRATORIA CLIMATIKA 4M BLANCO;VEGGAR ACRISTALAMIENTOS, S.L.;100;25;40100016 - PES BLANCO TR NIEVE HLLD C-III;40100016;GOF00285358;80170501;;MTS PERFIL B.CARGA SC UNIV ZIP 130 BLANCO 5M;AWMA SUN CONTROL SOLUTIONS, S.L.;15;3;40100016 - PES BLANCO TR NIEVE HLLD C-III;40100016;GOF00285356;80170542;;MTS PERFIL GUIA ANT. SCREEN RITS BLANCO 5M;AWMA SUN CONTROL SOLUTIONS, S.L.;20;4;40100016 - PES BLANCO TR NIEVE HLLD C-III;40100016;GOF00285357;80170543;;MTS PERFIL GUIA ANT. SCREEN RITS BLANCO 6M;AWMA SUN CONTROL SOLUTIONS, S.L.;24;4;40100016 - PES BLANCO TR NIEVE HLLD C-III;40100016;GOF00287457;80142228;;MTS PERFIL SPTE LAMA FIJA CLIMATIKA 4M BLANCO;VEGGAR ACRISTALAMIENTOS, S.L.;8;2;4010 - BRUT;4010;GOF00286393;80131492;;MTS J. PERFILES C.ARKO BRUT 6M;GAVIOTA SIMBAC S.P.A;12;2;4010 - BRUT;4010;GOF00286383;80110219;;MTS J. PERFILES COFRE HERA 5,10M BRUT;GAVIOTA SIMBAC S.P.A;5,1;1;4010 - BRUT;4010;GOF00286374;80110422;;MTS J. PERFILES ESTRUCTURA HERA 5M BRUT;GAVIOTA SIMBAC S.P.A;15;3;4010 - BRUT;4010;GOF00286670;80110586;;MTS J. PERFILES ESTRUCTURA HERA 6M BRUT;GAVIOTA SIMBAC S.P.A;6;1;4010 - BRUT;4010;GOF00285800;80140726;;MTS PALILLO DOBLE ESTANDAR RAL ESP 6M;BODEGA CASTRO, VICTORIANO;168;28;4010 - BRUT;4010;GOF00286371;80131599;;MTS PERFIL B.CARGA C.KYMA BRUT 6M;GAVIOTA SIMBAC S.P.A;30;5;4010 - BRUT;4010;GOF00281640;80050482;;MTS PERFIL B.CARGA CONCEPT-350 BRUT 6M;2AF S.A.R.L.;12;2;4010 - BRUT;4010;GOF00279242;80050417;;MTS PERFIL BAMBU 2 BRUT 5M;2AF S.A.R.L.;20;4;4010 - BRUT;4010;GOF00279251;80050535;;MTS PERFIL BAMBU 2 BRUT 6M;2AF S.A.R.L.;24;4;4010 - BRUT;4010;GOF00286396;80131742;;MTS PERFIL BARRA CARGA C.ARKO BRUT 6M;GAVIOTA SIMBAC S.P.A;12;2;4010 - BRUT;4010;GOF00286384;80110241;;MTS PERFIL BARRA CARGA HERA 5M BRUT;GAVIOTA SIMBAC S.P.A;5;1;4010 - BRUT;4010;GOF00286389;80110491;;MTS PERFIL BARRA CARGA HERA 6M BRUT;GAVIOTA SIMBAC S.P.A;12;2;4010 - BRUT;4010;GOF00286387;80110446;;MTS PERFIL GUIA SIMPLE S/ALA HERA 5M BRUT;GAVIOTA SIMBAC S.P.A;20;4;4010 - BRUT;4010;GOF00286388;80110469;;MTS PERFIL GUIA SIMPLE S/ALA HERA 6M BRUT;GAVIOTA SIMBAC S.P.A;12;2;4010 - BRUT;4010;GOF00286365;80210309;;MTS PERFIL M. INF 3 HOJAS TOMEI BRUT 4M;GAVIOTA SIMBAC S.P.A;48;12;4010 - BRUT;4010;GOF00286363;80210191;;MTS PERFIL M. INF 6 HOJAS TOMEI BRUT 4M;GAVIOTA SIMBAC S.P.A;16;4;4010 - BRUT;4010;GOF00286364;80210185;;MTS PERFIL M. SUP 6 HOJAS TOMEI BRUT 4M;GAVIOTA SIMBAC S.P.A;16;4;4010 - BRUT;4010;GOF00286370;80141667;;MTS PERFIL Z TEJADILLO P/PALILL BRUT 5M;GAVIOTA SIMBAC S.P.A;200;40;4010 - BRUT;4010;GOF00281646;80081403;;MTS TEJADILLO MONOBLOCK V2 BRUT 5,8M;2AF S.A.R.L.;11,6;2;4010 - BRUT;4010;GOF00279271;80081307;;MTS TEJADILLO MONOBLOCK V2 BRUT 5M;2AF S.A.R.L.;25;5;4010 - BRUT;4010;GOF00286368;80140727;;MTS TEJADILLO P/PALILLERIA BRUT 4M;GAVIOTA SIMBAC S.P.A;80;20;4010 - BRUT;4010;GOF00285307;80140727;;MTS TEJADILLO P/PALILLERIA BRUT 4M;PERSIANAS TECNICAS 2001, S.L. (T);32;8;4010 - BRUT;4010;GOF00286369;80140728;;MTS TEJADILLO P/PALILLERIA BRUT 6M;GAVIOTA SIMBAC S.P.A;120;20;4010 - BRUT;4010;GOF00285306;80140728;;MTS TEJADILLO P/PALILLERIA BRUT 6M;PERSIANAS TECNICAS 2001, S.L. (T);48;8;
